CODE   SITE                      LAT      LONG   ELEV  YRSI JAN  FEB  MAR  APR  MAY  JUN  JUL  AUG  SEP  OCT  NOV  DEC  AVG  SRC
     1 .c.Algeria
ALG1A  Alger-Bouzareah,Algier  36.72 N   3.20 E   345  2 I  2.10 3.03 3.79 5.44 6.26  6.7 6.13 5.88 4.93 3.52 2.56 2.07 4.37 P
                                                         S  0.02 0.55 0.64 0.34 0.37 0.39 0.51 0.04 0.04  0.3 0.23 0.08 0.03 P
ALG4A  Adrar                   27.87 N   0.28 W   258    I  4.42 5.23 6.51 7.21 7.67 8.14 8.02 7.55 6.51 5.35 4.42 3.84 6.24 H
ALG4A  Ain Sefra               32.75 N   0.60 W  1072    I  3.72 4.65 5.81 6.97 7.55 8.02  7.9 7.32 6.39    5 3.95 3.37 5.93 H
ALG4A  Aoulef                  26.97 N   1.08 E   290    I  4.42 5.11 6.28 7.09 7.55 7.55 7.67 7.21 6.62 5.46 4.42 3.72 6.09 H
ALG4A  Beni Abbes              30.13 N   2.18 W   498    I  4.07 4.88 5.81 6.97 7.32 7.44 7.44 6.97 6.16 4.88 3.84 3.49 5.78 H
ALG4A  Biskra                  34.85 N   5.73 E   124    I  3.02 3.95    5 5.81 6.51 6.97 7.09 6.62 5.35 4.18 3.14 2.67 5.02 H
ALG4A  Chottech Cherqui        34.00 N   1.00 E        2 I   2.6 3.75 5.57 6.16 6.73  7.3 7.12  6.9 5.28 5.23  3.7 2.72 5.25 U
ALG4A  Colomb Bechar           31.60 N   2.22 W          I  3.72 4.65 5.81 6.74 7.44 7.44 7.44 6.97 5.93 4.88 3.84 3.25 5.67 H
ALG4A  Djanet                  24.55 N   9.48 E          I  4.53 6.28 6.62 7.21 7.32 7.79  7.9 7.44 6.39 5.58 4.42  4.3 6.33 H
ALG4A  Djelfa                  34.68 N   3.25 E   160    I  2.79 3.72 4.65 5.46 6.62 6.97 6.97 6.51 5.58 4.07 3.14 2.56 4.92 H
ALG4A  El Golea                30.58 N   2.88 E   397    I  3.95 4.88 6.04 6.86 7.55 7.79  7.9 7.44 6.39 5.11 3.95  3.6 5.95 H
ALG4A  El Oued                 33.37 N   6.88 E    70  2 I  4.03 5.22 5.54 8.11 8.65 7.69 8.14 7.04 7.23 5.31 4.14 3.86 6.24 U
ALG4A  Fort de Polignac        26.50 N   8.48 E   556    I   4.3 5.23 6.28 6.97 7.32 7.67 7.79 7.44 6.62 5.58 4.53 3.84 6.12 H
ALG4A  Fort Flatters           28.10 N   6.82 E   381    I  4.18 5.11 6.04 6.86 7.44 7.55  7.9 7.44 6.51 5.46 4.42 3.72 6.06 H
ALG4A  Geryville               33.68 N   1.02 E  1305    I  2.91 3.95 4.88 5.81 6.74 7.09 6.97 6.51 5.69  4.3 3.14 2.67 5.06 H
ALG4A  Ghardaia                32.48 N   3.67 E   527    I  3.84 4.77 5.93 6.97 7.67  7.9  7.9 7.44 6.16 5.11 3.95 3.49 5.93 H
ALG4A  Laghouat                33.80 N   2.88 E   767    I  3.14 3.95 4.88 5.81 6.62 6.86 6.97 6.39 5.46 4.18 3.25 2.79 5.02 H
ALG4A  Ouallen                 24.60 N   1.23 E   347    I  4.77 6.39 6.62 7.21 7.44 7.55 7.55 7.21 6.62 5.81    5 4.07 6.36 H
ALG4A  Ouargla                 31.95 N   5.33 E   138    I  3.72 4.65 5.81 6.74 7.21 7.21  7.9 7.21 6.04 4.88 3.84 3.25 5.69 H
ALG4A  Tamanrasset             22.70 N   5.50 E  1376 13 I     5 5.79 6.78 7.36 7.52 7.26 7.52 6.92 5.99 5.54 4.83 4.52 6.25 H
ALG4A  Timimoun                29.25 N   0.23 E   284    I  4.18 5.11 6.28 7.09 7.67  7.9  7.9 7.32 6.51 5.23 3.84  3.6 6.06 H
ALG4A  Touggourt               33.12 N   6.07 E    69    I  3.49 4.65 5.58 6.04 7.44 7.44  7.9 7.32 6.28 4.77  3.6 3.14 5.64 H

     2 .c.American Somoa
AMS1A  Cape Matatula           14.35 S 170.60 W        4 I   5.6  6.1  5.5  5.2  4.3  4.3  4.3    5  5.8  5.7  5.4  5.5 5.23 U

     3 .c.Angola
ANG4A  Dundo                    7.07 S  20.13 E   745  3 I  5.01 5.06 5.04 5.25 5.21 4.86 4.45  4.4 4.92 5.36 5.21 4.99 4.99 U
ANG4A  Luanda                   8.82 S  13.22 E    42  5 I  5.75 6.01  5.5 5.08 4.88 4.47 3.53  3.8 4.61 5.03 5.47 5.96 5.01 U
ANG7A  Luanda                   8.82 S  13.22 E    43 10 I  5.61 5.81 5.43 5.16 4.81 4.08 3.52  3.5 4.38 5.01  5.6  5.4 4.86 P
ANG7A  Luanda                                            S  0.55 0.51 0.43 0.32 0.31 0.24 0.39 0.39 0.34 0.28 0.38 0.51 0.25 P
ANG4A  Luso                    11.13 S  19.15 E  1328  3 I   5.1 5.86 5.29 6.08 5.85 5.75 5.97 6.75 5.97 5.82 5.79 5.54 5.81 U
ANG4A  Malange                  9.55 S  16.37 E  1151  3 I   5.3 5.87 5.37  4.9 5.33 5.42 5.07 4.99 5.13 5.43 5.25 5.44 5.29 U
ANG4A  Mocamedes               15.03 S  12.03 E    44  2 I  6.51 6.44 6.07 5.35 4.72 3.37 3.39 3.81 4.54 5.46 6.53 6.49 5.22 U

     4 .c.Antarctica
ANT1A  Argentine Islands       65.25 S  64.27 W       20 I  5.16 3.33 1.71 0.66 0.17 0.04 0.12 0.60 1.81 3.77 5.49 5.96 2.40 U
ANT1A  Argentine Islands                                 S  0.55 0.48 0.26 0.11 0.02 0.00 0.03 0.07 0.25 0.37 0.63 0.79 0.13 U
ANT1A  Halley Bay              76.52 S  26.73 W       20 I  6.78 4.04 1.74 0.26 0.00    0    0 0.09 1.08 3.49 6.56 8.06 2.67 U
ANT1A  Halley Bay                                        S  0.59 0.28 0.21 0.02 0.00    0    0 0.01 0.09 0.21 0.31 0.34 0.07 U
ANT4A  Halley Bay              75.52 S  26.60 W    30  2 I  6.58 3.96 1.81  0.3    0    0    0 0.09    1 3.53 6.14 8.02 2.62 P
ANT4A  Little America V        78.20 S 162.25 W    32  1 I  6.42  3.5  1.6 0.13    0    0    0 0.02 0.88 3.11 6.79  7.4 2.49 P
ANT4A  Mawson                  67.62 S  62.88 E     8  1 I  7.24 4.77 2.46 1.09 0.21    0 0.02 1.08 2.29 4.43 6.73 7.82 3.18 P
ANT4A  Mirny                   66.55 S  93.02 E    37  1 I  8.21 6.35 3.25 1.16 0.22 0.05 0.09  0.6 2.25 5.02 8.11  8.6 3.66 P
ANT4A  Norway Station          70.50 S   2.53 W    58  2 I  7.37 4.83 2.34 0.67 0.05    0 0.01 0.28  1.6 4.01    7 8.72 3.07 P

     5 .c.Arctic
ARC4A  Ice-Island              80.00 N 115.00 W     8  2 I     0    0 1.16 3.75 6.12 7.67 5.83 3.58 1.39    0    0    0 2.46 P
ARC4A  Np-6-Artica (drifting)  85.78 N 154.75 E        1 I     0    0 0.41 1.94 4.68  6.1 3.92 2.87 0.84    0    0    0 1.73 P
ARC4A  Np-6-Artica (drifting)  78.83 N  91.52 E        1 I     0    0 0.41 1.94 4.68  6.1 3.92 2.87 0.84    0    0    0 1.73 P

     6 .c.Argentina
ARG2A  Abra Pampa              22.85 S  65.85 W        1  I 6.64 6.36 5.69 5.50 5.36 4.53 4.94 6.06 6.64 6.42 7.00 7.19 6.03  U
ARG5A  Aeroparque              34.57 S  58.42 W     6  9 I  5.56 5.83 4.92 3.69 2.69    2 2.28 3.22 4.03 5.33 5.78 5.83 4.26 H
ARG2A  Almirante Brown         65.00 S  63.00 W   700  4  I 4.47 2.94 1.70 0.59 0.35 0.04 0.15 0.58 1.56 2.88 4.72 4.74 2.06  U
ARG2A  Almirante Brown                                    S 0.47 0.14 0.26 0.13 0.31 0.02 0.06 0.05 0.32 0.12 0.75 0.74 0.28  U
ARG5A  Alto Del Comedero       24.23 S  65.28 W  1253  9 I  5.25 4.92 4.39 3.58 3.42 3.08 3.61 4.39 4.69 5.14 5.64 5.67 4.48 H
ARG1A  Alto Valle              39.03 S  68.12 W   242    I  7.25 6.72 5.06 2.94 2.06 1.81 1.92 2.92 4.11 5.86 6.75 7.67 4.58 U
ARG2A  Alto Valle              39.02 S  67.67 W   242  5  I 7.39 6.61 5.18 3.08 2.12 1.67 1.90 2.94 4.03 5.71 7.06 7.71 4.62  U
ARG2A  Alto Valle                                         S 0.35 0.45 0.32 0.39 0.15 0.10 0.23 0.25 0.55 0.38 0.61 0.53 0.36  U
ARG5A  Alto Valle              39.02 S  67.67 W   242  9 I  7.25 6.72 4.75 2.94 2.08 1.81 1.89 2.92 4.11 5.86 6.72 7.67 4.56 P
ARG1A  Anguil                  36.83 S  64.63 W   165    I  7.03    6 4.69 3.61 2.39 1.97 2.06 2.81 3.94 5.25 6.97 7.08 4.47 U
ARG5A  Anguil                  36.50 S  63.98 W   165  5 I  5.78 6.17 4.67 3.17 2.11 2.19 1.86 2.92 3.64 5.94 6.33 6.69 4.29 P
ARG2A  Anguil(La Pampa)        36.50 S  63.98 W   165  3  I 6.56 6.58 5.07 3.34 2.43 1.95 1.97 3.06 3.76 5.18 6.06 6.61 4.38  U
ARG2A  Anguil(La Pampa)                                   S 0.71 0.38 0.39 0.22 0.28 0.21 0.22 0.41 0.23 0.67 0.35 0.78 0.40  U
ARG1A  Azul                    37.25 S  60.38 W   132    I  6.75 5.94 4.72 3.53 2.25 1.86    2 2.92 3.75 4.58 6.64 6.53 4.33 U
ARG5A  Azul                    36.75 S  59.83 W   132  9 I  5.78 5.47 4.44 3.33  2.5 1.83 2.11 2.92 3.83 4.86 5.89 6.11 4.09 H
ARG1A  Bahia Blanca            39.22 S  62.30 W    83  4 I  6.86    6 4.58 4.58 3.39 1.97 1.69 1.89 2.69 3.47 5.06 6.58 6.86 U
ARG5A  Bahia Blanca            38.73 S  62.18 W    83  9 I  6.44 5.69 4.33 3.25 2.17 1.69 1.89 2.67 3.47 4.81 6.11 6.47 4.08 H
ARG2A  Balcarce                37.75 S  58.30 W   730  1  I 6.25 6.19 4.64 3.31 2.19 1.61 2.31 2.28 4.06 5.08 6.39 6.42 4.23  U
ARG5A  Balcarce                37.75 S  58.30 W   730  1 I  6.25 6.19 4.64 3.33 2.19  1.5 1.64 2.69 3.36 5.58 5.86 6.81 4.17 P
ARG2A  Bariloche               41.15 S  71.17 W   836  4  I 7.45 6.77 4.90 3.53 2.04 1.58 1.94 3.09 4.47 5.92 7.06 7.67 4.70  U
ARG2A  Bariloche                                          S 0.41 0.57 0.32 0.56 0.42 0.27 0.32 1.06 1.05 1.33 0.22 0.48 0.59  U
ARG4A  Bariloche               41.15 S  71.02 W   826  1 I  7.05 5.31 4.73 2.49  1.6 1.21 1.32 2.43 3.79 5.11 6.49  7.6 4.09 P
ARG5A  Bariloche               41.15 S  71.17 W   836  9 I  7.53 6.86    5 3.33 1.94 1.67 1.67 2.42 3.39 5.33 6.92 7.69 4.48 P
ARG5A  Barrow                  38.32 S  60.25 W   120  9 I  6.44 5.72 4.81 3.42  2.5 1.75 2.06 2.89 3.89 5.22 6.33 6.83 4.32 H
ARG5A  Bordenave               37.85 S  63.02 W   212  9 I  6.69 6.06 4.92 3.39 2.53 1.83 2.11 3.08 3.78 5.22 6.47 6.97 4.42 H
ARG5A  Buenos Aires            34.58 S  58.48 W    25  9 I  6.22 5.72 4.75 3.56 2.64    2 2.39 3.17 3.94 5.06 6.03 6.44 4.33 H
ARG7A  Buenos Aires            34.58 S  58.48 W    25  8 I  6.99 6.36 5.14 3.73 2.69 2.05 2.27 3.19 4.16 5.25 6.65 6.87 4.62 P
ARG7A  Buenos Aires                                      S  0.29 0.15 0.27 0.47 0.33 0.17 0.12 0.47 0.35 0.45 0.59 0.63 0.19 P
ARG4A  Buenos Aires Obs.       34.58 S  58.48 W    25 15 I  7.44 6.46 5.04 3.77 2.73 2.12 2.36 3.23  4.4  5.6 6.55 7.47 4.77 P
ARG1A  Carmen De Patagones     41.30 S  63.63 W    40    I  6.75 5.94 4.53 3.36 1.86 1.56 1.64 2.56 3.39    5 6.56 6.67 4.14 U
ARG2A  Castelar                34.60 S  58.67 W    22  7  I 7.00 6.48 5.44 3.85 2.98 2.40 2.67 3.44 4.34 5.41 6.32 7.31 4.80  U
ARG2A  Castelar                                           S g    0.50 0.38 0.39 0.37 0.20 0.17 0.32 0.37 0.83 0.31 0.30 0.35  U
ARG4A  Castelar                34.60 S  58.67 W    16  1 I  7.17 5.95 4.97 3.67 2.48 1.81 2.39 3.34 4.51 5.86 6.66 7.04 4.65 P
ARG5A  Castlar                 34.67 S  58.65 W    22  9 I  6.58 6.03 5.08 3.75 2.86 2.11 2.44 3.25 4.17 5.31  6.5 6.81 4.57 H
ARG1A  Catamarca               28.75 S  66.28 W   531    I  6.33 5.89 4.81 3.86 3.39 2.72 3.36 4.11 5.36 5.97 6.28 6.42 4.89 U
ARG5A  Catamarca               28.48 S  65.73 W   525  9 I  6.42 5.94 5.28 4.25 3.47 2.97 3.39 4.17 4.75 5.92 6.61 6.83    5 H
ARG5A  Catamarca               28.45 S  65.77 W   531  9 I  5.72 5.42 4.64 3.89 3.17 2.64 3.14 3.94 4.08 5.39 5.92 6.11  4.5 H
ARG5A  Catedral 2000           41.25 S  71.62 W  1955  9 I  6.33 5.53 4.44 2.94 1.97 1.42 1.61 2.22 3.33 4.89 5.97 6.72 3.95 H
ARG2A  Cebollar                29.08 S  66.55 W   439  3  I 5.46 5.06 4.71 3.82 3.06 2.72 3.18 3.82 4.89 5.67 5.99 5.95 4.53  U
ARG2A  Cebollar                                           S 1.80 0.44 0.61 0.43 0.39 0.27 0.18 0.04 0.17 0.26 0.49 0.51 0.47  U
ARG5A  Ceres                   29.88 S  61.95 W    88  9 I  6.42 5.92 5.06 3.94 3.19 2.53 2.97 3.83 4.53 5.67 6.61 6.75 4.78 H
ARG2A  Cerrillos               24.90 S  65.48 W  1250  5  I 5.67 5.11 4.33 3.68 3.43 2.89 3.37 3.76 4.67 5.48 5.47 5.61 4.46  U
ARG2A  Cerrillos                                          S 0.31 0.42 0.44 0.43 0.43 0.46 0.43 0.14 0.53 0.39 0.16 0.56 0.39  U
ARG5A  Cerrillos               24.90 S  65.48 W  1250  5 I  5.39 4.97 4.08 3.39    3 2.75 3.06 3.75 4.25 5.28 5.25 5.44 4.22 P
ARG2A  Cerro Azul              27.65 S  55.43 W   282  7  I 5.90 5.35 5.02 3.80 3.05 2.56 2.80 3.25 4.03 5.01 5.37 6.13 4.36  U
ARG2A  Cerro Azul                                         S 0.62 0.34 0.27 0.49 0.69 0.33 0.50 0.43 0.37 0.36 0.61 0.22 0.43  U
ARG5A  Cerro Azul              27.65 S  55.43 W   270  4 I  6.03 5.39 5.22 4.06 2.97  2.5 3.06 3.42 4.03 4.83 5.11 5.83 4.37 P
ARG5A  Chacras De Coria        32.98 S  68.87 W   921  9 I  6.56 5.97    5 3.86 3.11 2.47 2.86 3.67 4.44 5.69 6.61 7.03 4.77 H
ARG5A  Chamical                30.37 S  66.28 W   416  9 I  5.42 5.69 4.47 3.75 2.64 2.08 2.42 3.58 4.06 5.33 5.92 5.67 4.25 H
ARG5A  Colonia Benitez         27.42 S  58.93 W    54  8 I  6.28 5.72 5.06 4.17  3.5 2.78 3.33 3.81 4.56 5.72 6.47 6.83 4.85 H
ARG5A  Colonia S. Rosa         23.37 S  64.50 W   322  2 I  5.17 4.53 3.61 3.25 2.72 2.58 2.25 3.25 3.03 3.67 3.69 4.28  3.5 P
ARG2A  Colonia Santa Rosa      23.37 S  64.50 W   322  1  I 4.28 3.53 3.86 2.97 3.33 2.11 2.25 3.25 3.72 5.00 4.86 5.31 3.71  U
ARG5A  Comandante Espora       38.73 S  62.17 W    74  9 I  6.44 5.92 4.78 3.36 2.39 1.81 2.03 3.06 3.78 5.19 6.11 6.61 4.29 H
ARG1A  Comodoro Rivadavia      46.30 S  67.83 W    61    I  6.75 5.17 3.58 2.44 1.44 1.06 1.11 1.75 3.08 4.47 5.81    6  3.5 U
ARG5A  Comodoro Rivadavia      45.78 S  67.50 W    61  9 I  5.36 4.89 3.72 2.53 1.64 1.25 1.44 2.06 3.08 4.53 5.56 5.75 3.48 H
ARG1A  Concordia               31.50 S  58.03 W    38    I  6.94 6.06 5.08 4.06 2.72 2.36 2.44 3.36 4.06 5.36 6.58 7.19 4.69 U
ARG1A  Cordoba                 31.67 S  64.30 W   425    I  6.64    6 4.67 3.56 2.72 2.39 2.53 3.39 4.31 5.25 6.56 6.69 4.56 U
ARG2A  Cordoba                 31.43 S  64.17 W   438  2  I 6.58 5.76 4.99 3.69 3.04 2.46 2.65 3.19 4.44 4.83 5.82 6.24 4.48  U
ARG2A  Cordoba                                            S 0.00 0.29 0.14 0.20 0.02 0.14 0.10 0.59 0.08 0.51 0.10 0.45 0.24  U
ARG5A  Cordoba                 31.32 S  64.22 W   474  9 I  6.22    6    5 3.92 3.06 2.64    3 3.86 4.53 5.44 6.39 6.39  4.7 H
ARG5A  Cordoba                 31.40 S  64.18 W   425  9 I  6.22 5.89 4.89 3.78    3  2.5 2.92 3.78 4.33 5.44 6.39 6.39 4.63 H
ARG5A  Coronel Suarez          37.50 S  61.95 W   234  4 I  6.44 5.75 4.86 3.22 2.44 1.78 2.08    3 3.92 5.33    6 6.61 4.29 H
ARG1A  Corrientes              28.08 S  56.62 W    57    I  6.44    6 4.92 4.31 2.83 2.56 2.64 3.53 4.28 5.36 6.31 7.06 4.69 U
ARG4A  Corrientes              27.47 S  58.82 W    52 10 I  6.97 6.39 5.46  4.3 3.37 2.91 3.02 3.84 4.88 5.81 6.74 6.86 5.03 U
ARG5A  Corrientes              27.45 S  58.77 W    62  8 I  6.39 5.94 5.06 4.17  3.5 2.92 3.28 3.86 4.39 5.72 6.47 6.83 4.88 H
ARG1A  Cruz Del Eje            31.25 S  65.25 W   515    I  6.67    6 4.78 3.81 2.94 2.58 2.67 3.58 4.64 5.58 6.42 6.72 4.69 U
ARG1A  Dolores                 36.58 S  58.22 W     9    I  6.64 5.92 4.64 3.53 2.31 1.89 2.08 2.97 3.75 5.08 6.61 6.69 4.33 U
ARG5A  Dolores                 36.35 S  57.73 W     9  9 I  6.33 5.78 4.72 3.42 2.53 1.86 2.11 2.94 3.92 4.97 6.14 6.47 4.27 H
ARG1A  El Bolson               42.55 S  71.92 W   310    I     6 5.25 4.11 2.53 1.47 0.97 1.14 1.86 3.14 4.47 5.89    6 3.58 U
ARG2A  El Colorado             26.30 S  59.37 W    78  3  I 5.74 5.27 4.93 3.28 2.71 2.11 2.68 3.35 4.23 4.79 5.39 4.89 4.11  U
ARG2A  El Colorado                                        S 0.04 0.83 0.68 0.36 0.58 0.61 0.43 0.38 0.32 0.24 0.63 1.96 0.59  U
ARG5A  El Colorado             26.30 S  59.37 W    78  9 I  5.69 5.72 5.61 3.28 2.25 2.72  3.5 4.11 3.75 4.69 6.58 5.44 4.45 P
ARG5A  El Palomar              34.60 S  58.60 W    21  9 I  5.89 5.31 4.39 3.36 2.64 1.92 2.28 2.89 3.64 4.64 5.56 5.83 4.03 H
ARG2A  El Sombrerito           27.48 S  58.77 W    57  4  I 6.58 6.19 5.51 4.17 3.32 2.60 3.02 3.65 4.67 5.90 6.03 7.15 4.90  U
ARG2A  El Sombrerito                                      S 0.45 0.34 0.41 0.34 0.65 0.66 0.60 0.18 0.52 0.45 0.42 0.18 0.43  U
ARG5A  El Sombrerito           27.48 S  58.77 W    57  4 I  6.72 6.22 5.67 4.25 3.28 2.75 3.17 3.75 4.39 5.83 5.67 6.81 4.88 P
ARG5A  Embalse                 32.18 S  64.38 W   548  9 I  6.33 5.78 4.75 3.64 2.97 2.39 2.75 3.72 4.14 5.31 6.39 6.53 4.56 H
ARG5A  Ezeiza                  34.82 S  58.53 W    20  9 I  5.89  5.5    4 3.28 2.39 1.75 2.08 2.81 3.36 4.61 5.67 5.83 3.93 H
ARG2A  Famailla                27.05 S  65.42 W   363  6  I 5.56 4.76 4.00 3.13 2.92 2.36 2.61 3.22 4.19 4.50 4.71 5.12 3.92  U
ARG2A  Famailla                                           S 0.53 0.65 0.45 0.17 0.45 0.30 0.33 0.18 0.34 0.86 1.23 0.67 0.51  U
ARG5A  Famailla                27.05 S  65.42 W   363  5 I  5.25 4.97 3.86    3 2.78 2.36 2.67 3.33 4.33 4.72    5 5.47 3.98 P
ARG5A  Faro Cabo Blanco        47.20 S  65.73 W        7 I  5.61 5.03    4 2.56 1.56 1.11 1.36    2 3.03 4.64 5.64 6.22 3.56 H
ARG5A  Formosa                 26.20 S  58.23 W    60  9 I   6.5 5.83 5.08 4.33 3.61 3.03 3.44 3.89 4.44 5.64 6.58 6.78 4.93 H
ARG2A  Gdor. Gregores          48.75 S  70.17 W        1  I 6.64 5.28 3.61 1.89 1.06 0.78 0.97 2.14 3.28 4.53 6.19 6.97 3.61  U
ARG5A  General Pico            35.70 S  63.75 W   141  9 I  5.78 5.58 4.42 3.36 2.44 1.86 2.17 2.94  3.5 4.89 5.67 5.86 4.04 H
ARG5A  Gualeguaychu            33.00 S  58.62 W    24  9 I  6.44 5.86 4.72 3.72 2.89 2.14  2.5 3.19 3.78 5.19 6.14 6.44 4.42 H
ARG5A  Guatrache               37.63 S  63.57 W   175  9 I  6.69 5.94 4.94 3.47  2.5 1.89 2.14    3 3.78 5.25 6.36 6.97 4.41 H
ARG4A  Huinca-Renanco          34.83 S  64.37 W          I  7.32 6.74 5.46 3.84 2.44 2.21 2.44 3.14 4.42 5.81 6.97 7.44 4.85 U
ARG5A  Iguazu                  25.68 S  54.45 W   180 11 I  5.47 5.03 4.64 3.75 3.11 2.56 2.92 3.39 3.58 4.92 5.67 5.83 4.24 H
ARG5A  Isla Martin Garcia      34.18 S  58.27 W    36  8 I  6.11 5.53 4.78 3.44 2.75    2 2.28 3.06 3.89 4.83 5.78 6.19 4.22 H
ARG5A  Jachal                  30.25 S  68.75 W  1165  9 I  6.53    6 5.11 4.14 3.33 2.61 3.11 3.94 4.58 5.86 6.61 6.86 4.89 H
ARG1A  Jujay                   24.30 S  65.50 W  1303    I  5.58 5.61 4.44 3.92 3.36 3.42 4.25 4.86 5.97 6.58 6.11 6.19 5.06 U
ARG5A  Jujuy                   24.38 S  65.08 W   905  6 I  5.78 5.33 4.67 3.89 3.67 2.94 3.67 4.22 4.67 5.36 5.75 6.17 4.68 H
ARG5A  Junin                   34.55 S  60.95 W    81  9 I  6.44 5.83 4.83 3.58 2.78 2.11 2.44 3.31 4.11 5.14 6.25 6.56 4.45 H
ARG5A  La Banda                27.75 S  64.25 W   187  9 I  6.17 5.72 4.75 3.78 3.03 2.58 3.08 4.06 4.53 5.42 6.36 6.36 4.65 H
ARG1A  La Plata                35.53 S  58.55 W    15 12 I  6.67 6.03 4.78 3.78 2.58 2.03 2.19 3.06 3.92 5.22 6.44 7.03 4.47 U
ARG5A  La Plata                34.97 S  57.90 W    23  9 I  5.67 5.39 4.44 3.39 2.56 1.89 2.14 2.94 3.69 4.72 5.56 5.72 4.01 H
ARG5A  La Plata                34.92 S  57.93 W    15  9 I  6.44 5.72 4.81 3.39 2.75 2.06 2.33 3.06 3.92 5.14 6.25 6.81 4.39 H
ARG1A  La Quiaca               22.17 S  66.00 W  3457  1 I  5.97 6.14 5.19 4.61 4.44 4.25 4.81 5.33  6.5 6.97 6.56  6.5 5.61 U
ARG4A  La Quiaca               22.10 S  65.60 W  3458  1 I  7.55 7.32 6.62 5.81 4.88 4.53 4.65 5.46 6.39 7.21 7.79 7.79 6.33 P
ARG5A  La Quiaca               22.10 S  65.60 W  3459  9 I  6.31 5.89 5.83 5.17 4.72 4.14 4.67 5.22 5.61 6.56 6.97 6.31 5.62 H
ARG1A  La Rioja                29.60 S  67.37 W   430    I   6.5 6.33 5.08 4.31 3.75 2.72 2.97 4.11 5.36 6.25 6.72 6.81 5.08 U
ARG5A  La Rioja                29.38 S  66.82 W   430  9 I  6.19 5.81 4.97 3.97 3.39 2.83 3.28 4.22 4.69 5.78 6.61 6.61 4.86 H
ARG1A  Laboulaya               34.22 S  63.67 W   138  9 I  6.89 6.08 4.83 3.81 2.69 1.72 2.28 3.11 4.11 5.25 6.72 6.72 4.56 U
ARG5A  Laboulaye               34.13 S  63.40 W   138  9 I  6.58 6.06 5.03 3.72 2.83 2.19  2.5 3.44 4.28 5.36 6.61 6.69 4.61 H
ARG1A  Lago Argentino          50.55 S  72.50 W   220  2 I  4.44 4.03 2.72 1.72 0.86 0.56 0.67 1.03 2.64 4.03 4.56 4.42 2.64 U
ARG5A  Lago Argentino          50.33 S  72.30 W   220  9 I  5.56 4.64  3.5 2.08 1.28 0.89 1.03 1.75 2.92  4.5 5.81 6.08 3.34 H
ARG5A  Las Brenas              27.08 S  61.12 W   102  9 I   6.5 6.06 5.25 4.11 3.47 2.92 3.28 4.11 4.58 5.86 6.69 6.92 4.98 H
ARG1A  Las Lajas               37.88 S  70.63 W   713 19 I  7.06    6 4.58 3.28 1.92 1.56 1.47 2.22  3.5 4.86 6.42 7.06 4.17 U
ARG5A  Las Lomitas             24.70 S  60.58 W   130  9 I  6.36 5.97 5.33 4.36 3.64 3.06 3.58 4.28 4.67 5.97 6.56 6.64 5.03 H
ARG5A  Lopez Guarez            37.53 S  59.57 W   233  9 I  6.44 5.75 4.78 3.42 2.53 1.86 2.14    3 3.92 5.06 6.25 6.61 4.31 H
ARG4A  Loreto                  27.35 S  55.50 W   163  2 I   6.8 6.01 5.63    4 2.89 2.38 2.59 3.09 4.01 5.39 6.68 6.65 4.67 P
ARG5A  Loreto                  27.35 S  55.50 W   163  7 I  6.06 5.53 4.78 4.03 3.42 2.61 3.17 3.58 4.03 5.31 6.11 6.33 4.58 H
ARG5A  Malargue                35.50 S  69.78 W  1423  9 I  6.81 5.81 5.06 3.61 2.83 2.14 2.39 3.08 3.72 5.19 6.72 7.19 4.55 H
ARG1A  Mar Del Plata           38.08 S  57.92 W     5    I  6.67 5.86 4.64 3.39 2.17 1.72 1.94 2.75  3.5 5.03 6.94 6.42 4.25 U
ARG5A  Mar Del Plata           37.93 S  57.58 W    24  9 I     6 5.42 4.47 3.25 2.33 1.72    2 2.78 3.44 4.72 5.67 6.11 3.99 H
ARG5A  Mar Del Plata           38.05 S  57.55 W     5  9 I  6.22 5.42 4.47 3.31 2.42 1.78 2.11 2.78 3.67 4.94 5.89 6.61 4.13 H
ARG1A  Marcos Juarez           33.17 S  62.25 W   114    I  6.81 5.94 4.67 3.72 2.72 2.31 2.33 3.28 4.31 5.25 6.58 6.69 4.56 U
ARG2A  Marcos Juarez           32.68 S  62.12 W        6  I 6.64 5.96 5.16 3.49 2.68 2.25 2.49 3.35 4.47 5.62 6.13 6.73 4.58  U
ARG2A  Marcos Juarez                                      S 0.53 0.33 0.28 0.41 0.41 0.46 0.32 0.14 0.66 0.50 0.44 0.44 0.41  U
ARG5A  Marcos Juarez           32.70 S  62.15 W   114  9 I  6.22 5.86 4.92 3.83 2.89 2.22 2.61 3.56 4.19 5.19 6.25 6.19  4.5 H
ARG5A  Marcos Juarez           32.68 S  62.12 W   115  5 I  6.67    6 5.25 3.44 2.64 2.58 2.56 3.36 4.58 5.58 6.08 6.81 4.63 P
ARG4A  Mazaruca                33.58 S  59.40 W     4  2 I  7.86  6.4 5.16 3.42  2.6 1.79 2.29 3.06 5.01 6.03    7 7.69 4.86 P
ARG5A  Mazaruca                33.58 S  59.42 W     5  9 I  6.44 5.94 4.97 3.78 2.89 2.17 2.56 3.36 4.08 5.28 6.36 6.81 4.55 H
ARG1A  Mendoza                 33.05 S  69.30 W   704 14 I  7.31 6.31 4.83 3.94 2.81 2.53 2.39 2.94 4.64 5.72 7.19 7.51 4.86 U
ARG4A  Mendoza                 32.88 S  68.87 W   827  1 I  8.37 7.52 2.91 3.91 2.85 2.51 2.68 3.51 5.31 6.88 7.83 7.85 5.17 P
ARG5A  Mendoza                 32.83 S  68.78 W   704  9 I  6.44 6.06    5 3.83 3.11  2.5 2.83 3.81 4.36 5.81 6.61 6.67 4.75 H
ARG5A  Mendoza                 32.88 S  68.85 W   828  9 I  6.11 5.75 4.64 3.81 3.06  2.5 2.83 3.67 4.28 5.39 6.25 6.56 4.57 H
ARG2A  Mercedes                29.17 S  58.02 W    95  4  I 7.24 5.92 5.63 4.40 3.49 2.71 3.09 3.71 4.57 5.99 6.76 7.42 5.08  U
ARG2A  Mercedes                                           S 0.32 0.37 0.30 0.32 0.54 0.50 0.32 0.31 0.55 0.35 0.51 0.15 0.38  U
ARG5A  Mercedes                29.17 S  58.02 W    95  3 I  6.78 5.81 5.86 3.94 3.22 2.72 3.17 3.78 4.64 5.81    6 7.19 4.91 P
ARG1A  Monte Caseros           30.45 S  58.08 W    54    I   6.5 5.97    5 3.97 2.72 1.83 2.39 3.42 4.06 5.31  6.5 7.28 4.64 U
ARG5A  Monte Caseros           30.27 S  57.65 W    54  9 I  6.53 5.92 5.11 4.14 3.33 2.61 2.86 3.58 4.17 5.56  6.5 6.86 4.76 H
ARG1A  Monte Quemado           26.33 S  63.42 W   221    I  5.97 5.19 4.22 3.86 2.81 2.64 2.97 3.61 4.47 5.25 5.64 5.58 4.36 U
ARG5A  Moron                   34.67 S  58.63 W    24  9 I  6.11 5.61 4.56 3.47 2.78 2.03 2.36 3.06 3.78 4.72 5.78 6.08 4.19 H
ARG4A  Neuguen                 38.95 S  68.15 W   270  1 I  7.16 5.71 4.09 2.81 1.87 1.16 1.15 2.91 4.54 4.68 5.88 6.68 4.06 P
ARG5A  Neuquen                 38.95 S  68.13 W   270  9 I  6.33 5.89 4.58 3.36 2.33 1.78    2 2.94 3.72 5.28 6.33 6.36 4.24 H
ARG1A  Nueve                   35.75 S  61.13 W    76 17 I  6.81 6.03 4.78 3.78 2.56 1.97 2.19 3.11 3.92 4.69 6.56 6.72 4.47 U
ARG2A  Oliveros                32.55 S  60.85 W    27  4  I 6.19 5.34 4.84 3.75 2.52 2.19 2.30 3.02 3.87 5.01 5.77 6.25 4.25  U
ARG2A  Oliveros                                           S 0.02 0.44 0.24 0.05 0.20 0.14 0.29 0.31 0.50 0.86 0.20 0.44 0.31  U
ARG5A  Oliveros                32.55 S  61.02 W    26  9 I  6.19 5.22 5.17 3.56 2.67 1.89 1.94 3.22 3.83 5.94 6.19 6.42 4.35 P
ARG1A  Oran                    23.25 S  64.53 W   357    I  5.61 4.86 4.11 3.86 3.39 3.11 4.22  4.5 5.69 6.28 5.78 5.58 4.75 U
ARG5A  Oran                    23.15 S  64.32 W   357  9 I  5.44 4.92 4.11 3.39 3.42 2.58 3.22 3.94 3.92 4.83  5.5 5.78 4.25 H
ARG1A  Parana                  32.38 S  60.87 W   110    I  6.53    6 4.86 3.89 2.81 2.22 2.33 3.36 4.06 5.31 6.53 7.06 4.58 U
ARG2A  Parana                  31.83 S  60.52 W   110  6  I 6.70 5.75 5.39 3.88 2.88 2.54 2.80 3.39 4.27 5.55 6.16 6.78 4.67  U
ARG2A  Parana                                             S 0.42 0.70 0.68 0.30 0.34 0.37 0.19 0.46 0.40 0.60 0.43 0.45 0.45  U
ARG5A  Parana                  31.78 S  60.48 W    62  9 I  6.78 6.08 5.14 4.03 3.19 2.44 2.86 3.69 4.31 5.64 6.61 6.78  4.8 H
ARG5A  Parana                  31.83 S  60.52 W   110  6 I  6.56 6.08 5.33 4.03 3.08 2.44 2.86 3.61 4.47 5.53  6.5 6.67 4.76 H
ARG4A  Paso De Los Libres      29.72 S  57.10 W    66    I  7.32 6.51 5.23  4.3 3.25 2.67 3.02 3.84 4.53 5.81 6.62 6.28 4.94 U
ARG5A  Paso De Los Libres      29.68 S  57.15 W    70  7 I  5.97  5.5 4.58 3.67 3.19 2.44 2.67 3.36 3.61 5.06 5.92 6.03 4.33 H
ARG4A  Patagones               40.80 S  62.98 W    34    I  6.97 6.16 4.77 3.37 2.21 1.74 1.74 2.79 3.95 5.11 6.39 7.09 4.35 U
ARG5A  Patagones               40.78 S  62.98 W    40  9 I  6.78 5.83 4.72 3.22 2.22 1.72 1.92 2.78 3.72  5.5 6.42 6.97 4.32 H
ARG5A  Pehuajo                 35.87 S  61.87 W    87  9 I  6.69 6.11 5.03 3.58 2.67 1.92 2.31 3.22 4.17 5.28  6.5 6.94 4.53 H
ARG1A  Pergaino                34.55 S  60.92 W    65  8 I  6.86 6.08 4.78 3.78 2.67 2.28 1.75 3.11 4.06 5.25 6.58 6.72 4.53 U
ARG5A  Pergamino               33.93 S  60.57 W    65  1 I  7.56 6.06 5.33 3.72 3.19 1.58 2.17 3.31 4.08 5.92    6 7.64 4.71 P
ARG5A  Pergamino Inta          35.93 S  60.55 W    65  9 I  6.44 6.06 4.94 3.72 2.83 2.17 2.53 3.39 4.14 5.17 6.36 6.81 4.55 H
ARG1A  Pigue                   38.03 S  62.70 W   298    I  6.94 6.06 4.72 3.56 2.19 1.81 1.94 2.72 3.64    5 6.56    7 4.33 U
ARG5A  Pigue                   37.62 S  62.42 W   298  9 I  6.69 6.14 4.86 3.47  2.5 1.89 2.14 3.11 3.92 5.33 6.36 6.72 4.43 H
ARG4A  Pilar                   31.67 S  63.88 W   338  1 I  7.35 6.31 5.03 4.04 2.75 2.14 2.67 3.66 4.88 6.21 6.74 7.04  4.9 P
ARG5A  Pilar                   31.67 S  63.88 W   338  9 I  6.44 5.97 5.06 3.83 3.03 2.58 2.92 3.83  4.5 5.53  6.5 6.64 4.74 H
ARG1A  Posadas                 27.62 S  56.62 W   133    I  6.72 6.28 5.17 4.31 2.97 2.47 2.61 3.47 4.31 5.31 6.72  7.5 4.83 U
ARG4A  Posadas                 27.37 S  55.93 W   117    I  6.51 6.28 5.46 4.18 3.25 2.67 3.02  3.6 4.42 5.58 6.39 6.51 4.82 U
ARG5A  Posadas                 27.37 S  55.97 W   133  9 I  6.06 5.53 4.58 4.03 3.36 2.67 3.03  3.5 3.61 5.22    6 6.22 4.48 H
ARG5A  Presidencia             26.87 S  60.45 W    90  9 I  6.61 5.94 5.08 4.17 3.53 2.83 3.39 4.08 4.58 5.75 6.58 7.03 4.97 H
ARG5A  Presidencia             26.82 S  60.45 W    92  9 I  6.28 5.64 5.06 4.06  3.5 2.89 3.33 4.06 4.42 5.64 6.36 6.67 4.82 H
ARG5A  Puelches                38.13 S  65.92 W   232  9 I  6.69 6.22 5.08  3.5  2.5 1.81 2.14 3.06 3.83 5.42 6.47 6.72 4.45 H
ARG5A  Puente Del Inca         32.82 S  69.90 W  2720  9 I  6.67 6.39 5.44 4.22    3 2.28 2.56 3.47 4.44 5.61 6.61 6.92  4.8 H
ARG5A  Puerto Deseado          47.73 S  65.92 W    79  9 I  4.92 4.64 3.31 2.22 1.31 0.97 1.22 1.92 2.64 4.25 5.06    5 3.12 H
ARG4A  Puerto Madryn           42.77 S  65.03 W     8    I  6.86 5.93 4.53 3.14 2.09 1.98 1.86 2.56 3.84 5.23 6.16 4.65 4.07 U
ARG1A  Puetro Deseado          48.22 S  66.53 W    79  2 I  5.78 4.92 3.44  2.5 1.42 1.06 1.06 1.61 2.94 4.33 5.47 5.69 3.36 U
ARG5A  Punta Indio             35.37 S  57.28 W    22  9 I  6.58 5.81 4.86 3.69 2.83    2 2.33 3.14 3.89 5.11  6.5 6.83 4.47 H
ARG1A  Rafaela                 31.30 S  61.30 W   100    I  6.28    6 4.81 3.89 2.81 2.33 2.42 3.39 4.19 5.25 6.56 6.83 4.56 U
ARG2A  Rafaela                 31.28 S  61.55 W   100  7  I 6.65 5.67 5.10 3.77 2.89 2.46 2.69 3.38 4.35 5.41 6.11 6.84 4.61  U
ARG2A  Rafaela                                            S 0.41 0.49 0.31 0.35 0.39 0.43 0.34 0.25 0.50 0.54 0.31 0.20 0.38  U
ARG5A  Rafaela                 31.18 S  61.55 W   100  9 I  6.69 5.78 5.25 3.67 2.86 2.44 2.69 3.42 4.44  5.5 6.06 6.94 4.65 P
ARG4A  Rafaele                 31.25 S  61.50 W   130  1 I  5.11 4.79 3.63 2.46 2.06 1.31 2.23 2.34 3.14    4 4.89 5.21 3.43 P
ARG2A  Rama Caida              34.67 S  68.38 W   692  4  I 7.01 6.64 4.96 3.72 2.99 2.15 2.59 3.51 4.44 6.12 6.65 7.33 4.84  U
ARG2A  Rama Caida                                         S 0.72 0.40 0.50 0.31 0.08 0.28 0.26 0.35 0.80 0.54 0.51 0.64 0.45  U
ARG5A  Rama Caida              34.67 S  68.38 W   692  3 I  6.89 6.36 5.31 3.64    3 2.22 2.81 3.72 4.64 5.97 6.94 7.86 4.95 P
ARG1A  Reconquista             29.87 S  60.12 W    49    I  6.11    6 4.89 4.14 2.81 2.39 2.61 3.53 4.19 5.33 6.36 7.06 4.64 U
ARG5A  Reconquista             29.18 S  59.67 W    49  9 I  6.53 5.92 5.17 4.22 3.36 2.72 3.14 3.89 4.56 5.81 6.61 6.97 4.91 H
ARG4A  Resistencia             27.47 S  58.48 W    49  1 I  6.36 5.16 4.45 2.72 2.16 2.25 2.39 3.16 4.11 5.42 5.97 6.16  4.2 P
ARG5A  Resistencia             27.45 S  59.05 W    52  4 I  5.83 5.53 4.67 3.94 3.11  2.5    3 3.53 4.06    5    6 6.22 4.45 H
ARG1A  Rio Cuarto              33.10 S  64.45 W   421 19 I  7.11 6.28 4.78 3.83 2.69 2.47 2.53 3.14 4.56 5.83 7.03 7.39 4.81 U
ARG2A  Rio Cuarto              33.08 S  64.27 W   421  1  I 6.97 6.50 5.44 4.08 3.08 2.56 2.44 3.64 3.72 5.56 6.17 6.28 4.70  U
ARG5A  Rio Cuarto              33.08 S  64.27 W   421  9 I  6.44 5.86 4.72 3.67    3 2.47 2.75 3.58 4.03 5.19 6.36 6.56 4.55 H
ARG1A  Rio Gallegos            52.03 S  69.47 W    17  4 I  4.69 4.42 2.92 1.94 1.11 0.78 0.78  1.5 2.72 4.11  4.5 4.83 2.86 U
ARG2A  Rio Gallegos            51.62 S  69.20 W        1  I 6.86 5.72 3.78 2.28 1.03 0.67 0.81 2.03 3.19 4.92 5.28 4.67 3.44  U
ARG5A  Rio Gallegos            51.62 S  69.28 W    17  9 I  4.44 3.86    3 1.83 1.17 0.78 0.97 1.56 2.56 3.83 4.56 4.75 2.78 H
ARG1A  Roque Saenz Pena        27.45 S  60.75 W    90    I  6.22 5.56 4.75 4.03 2.83 2.53 2.81 3.67 4.39 5.31 6.22 6.36 4.56 U
ARG1A  Rosario                 32.93 S  60.70 W    27 10 I  6.67 6.11 4.81 3.81 2.72 2.19 2.31 3.28 4.06 5.25  6.5 6.75  7.5 U
ARG4A  Rosario                 32.93 S  60.70 W   222    I  7.09 6.39 5.23 3.84 2.79 2.32 2.44 3.25 4.53 5.58 6.51 6.51 4.71 U
ARG5A  Rosario                 32.92 S  60.78 W    27  9 I  6.78 6.06 5.08 3.86    3 2.33 2.69 3.53 4.28 5.39  6.5 6.81 4.69 H
ARG5A  Rosario De La Frontera  25.78 S  64.98 W   780  3 I  5.11 4.61 3.39 2.83 2.94 2.36    3 3.36 4.14  4.5 4.83  5.5 3.88 P
ARG5A  Saenz Pena              26.87 S  60.45 W    90  4 I  6.22 6.06 5.31  3.5 2.58 2.72 3.06 3.22 4.47 5.31 6.08 5.39 4.49 P
ARG1A  Salta                   25.42 S  65.80 W  1226    I  5.56 5.47 4.36 3.97 3.64 3.44 4.31 4.86 5.89 6.53    6    6 4.44 U
ARG5A  Salta                   24.85 S  65.48 W  1226  9 I  5.22 4.72 4.08  3.5 3.19 2.72 3.42 4.17 4.17 5.06 5.39 5.44 4.26 H
ARG5A  Salto Grande            31.20 S  57.92 W    37  9 I  6.44 5.78 4.81 3.78    3 2.33 2.61 3.39 3.94 5.33 6.39 6.53 4.53 H
ARG1A  San Antonio Oeste       41.22 S  65.58 W     7    I  6.75    6  4.5 3.28 1.94 1.53 1.72 2.72 3.36 4.97 6.81 7.03 4.22 U
ARG5A  San Antonio Oeste       40.73 S  64.95 W     7  9 I  6.56 5.83 4.81 3.22 2.19 1.67 2.42 2.61 3.58 5.31 6.67 6.72  4.3 H
ARG1A  San Carlos              34.28 S  69.05 W   940 22 I  7.28 6.25 4.75 3.94 2.44 2.39 2.17 3.06 4.31 5.64 7.06 7.56 4.75 U
ARG5A  San Carlos              25.38 S  65.93 W  1710  5 I  5.64 6.28 5.53 4.72 4.14 3.86 4.08 4.81 5.56 5.92 6.67 6.81 5.33 P
ARG1A  San Carlos De Bariloche 41.25 S  71.28 W   836    I  7.36 6.75 4.92 3.47 2.03 1.72 1.81 2.39 3.75 5.64    7 7.31 4.56 U
ARG1A  San Juan                32.03 S  68.88 W   615    I  7.25 6.53 5.14 4.25 3.31 2.64 2.72 3.42 5.03 6.03 7.33  7.5 5.08 U
ARG5A  San Juan                31.62 S  68.53 W   615  5 I     7 6.31 5.53 4.11 3.39 2.69 3.03 4.06 4.75 6.06 7.19 7.36 5.12 H
ARG5A  San Juan                31.57 S  68.42 W   598  5 I     7 6.42 5.53 4.47 3.44 2.81 3.36 4.06 4.92 6.25 7.19 7.61 5.25 H
ARG5A  San Juan                31.62 S  68.53 W   618  2 I  7.89  7.5 6.39 4.67 3.89    3 2.83 3.86 5.56 6.64 8.08 8.31 5.72 P
ARG5A  San Luis                33.27 S  66.35 W   713  9 I  6.56 6.25 5.17 4.06 3.08 2.56 2.89 3.89  4.5    6 6.72 6.92 4.88 H
ARG5A  San Martin              33.08 S  68.42 W   653  9 I     7 6.28 5.28    4 3.22 2.64 3.06 3.92 4.67 6.11 7.06 7.42 5.05 H
ARG1A  San Miguel              34.92 S  59.22 W    26 16 I  6.86    6 4.75 3.78 2.58 2.08 1.67 3.17 3.92 5.25 6.53    7  4.5 U
ARG4A  San Miguel              34.55 S  58.70 W    27  2 I  6.44 5.56 4.14  2.7 2.13 1.51 1.78 2.52 3.81 4.89 5.54 6.22 3.94 P
ARG5A  San Miguel              34.55 S  58.73 W    26  9 I  6.44 6.03 4.92 3.69 2.81 2.14 2.47 3.33 4.11 5.14 6.36 6.81 4.52 H
ARG1A  San Pedro               34.10 S  60.13 W    28 11 I  6.69 6.03 4.83 3.81 2.64 2.11 2.28 3.19 4.06 4.67 6.56 7.06 4.53 U
ARG5A  San Pedro               33.68 S  39.68 W    28 10 I  6.44 5.83 5.14 3.81 2.86 2.14 2.53 3.28 4.06 5.06 6.72 6.69 4.55 H
ARG1A  San Rafael              34.97 S  68.67 W   748 15 I  7.36 6.31 4.67 3.58 2.25 2.31 1.94 2.67 4.19 5.61 7.03  7.5 4.61 U
ARG5A  San Rafael              34.58 S  68.40 W   748  9 I  6.81 6.11 4.97 3.72 2.86 2.17 2.53 3.42 4.08 5.53 6.61 7.17 4.66 H
ARG1A  Santa Rosa              36.95 S  64.45 W   189    I  7.08 6.06 4.69 3.56 2.33 1.97 2.11 2.81 3.92 5.25 6.97 7.11  4.5 U
ARG5A  Santa Rosa              36.57 S  64.23 W   189  9 I  6.67 5.97 4.81  3.5 2.58 1.94 2.28 3.06 3.83 5.17 6.36 6.94 4.43 H
ARG1A  Santiago Del Estero     28.28 S  64.50 W   199    I     6 5.47 4.58 3.86 2.78 2.58 2.97 3.67 4.75 5.31 5.89 6.03  4.5 U
ARG4A  Santiago Del Estero     27.78 S  64.30 W          I  6.62 6.04 5.23 4.07 3.14 2.67 3.14 3.95 4.77 6.04 6.62 6.74 4.92 U
ARG5A  Santiago Del Estero     27.77 S  64.30 W   199  9 I  5.94 5.61 4.75 3.78 3.03 2.58    3 3.92 4.36 5.31 6.14 6.11 4.54 H
ARG5A  Sauce Viejo             31.70 S  60.82 W    18  9 I  6.22 5.78 4.78 3.61 2.92 2.28 2.64  3.5    4 5.33 6.17 6.28 4.46 H
ARG1A  Sierra De La Ventana    38.22 S  62.30 W   260    I  6.86 6.06 4.69 3.47 2.14 1.81 1.94 2.83 3.53    5 6.67 6.72 4.31 U
ARG1A  Tinogasta               28.12 S  67.95 W  1200    I  6.36 6.39 5.31 4.58 4.33 3.22 3.75 4.36 5.67 6.75 6.94 6.69 5.36 U
ARG1A  Trelew                  43.38 S  65.50 W    39    I  6.81 5.81 4.19 3.17 1.72 1.36 1.53 2.25 3.42 4.89 6.47 6.81 4.03 U
ARG4A  Trelew                  43.23 S  63.30 W    39  1 I  8.04  6.3  4.7 2.91 1.56 1.01 1.14  2.3 3.91 4.93 6.21 6.31  4.1 P
ARG5A  Trelew                  43.23 S  65.30 W    39  9 I  6.42 5.56  4.5 2.92    2 1.53 1.67 2.53  3.5    5 6.28 6.86 4.06 H
ARG1A  Trenque Lauquen         36.62 S  63.22 W    95 16 I     7    6 4.78 3.61 2.53 1.97 2.17    3 3.94 5.17 6.67 6.86 4.47 U
ARG1A  Tucuman                 27.33 S  65.33 W   481    I  5.72 5.56 4.42 3.92 3.39 2.72 3.53 4.25 4.94 5.89    6 5.94 4.69 U
ARG4A  Tucum?n                 26.83 S  65.20 W   421  1 I  4.31 6.29 5.04 3.74 2.75 2.35 3.18 3.87 4.94 5.68 6.28 6.09 4.54 P
ARG5A  Tucuman                 26.83 S  65.20 W   420  9 I  5.28    5 4.11 3.53 2.97 2.56 3.08 3.89 3.89 4.92 5.44  5.5 4.18 H
ARG5A  Tucuman                 26.80 S  65.20 W   481  9 I  5.83 5.22 4.69 3.75 3.31 2.83 3.39 4.22  4.5 5.22 5.89 6.22 4.59 H
ARG1A  Upaliata                33.00 S  69.55 W  1891    I   7.5 6.39 4.75 3.86 2.64  2.5  2.5 2.97 4.58 5.69 7.25 7.44 4.83 U
ARG1A  Ushuaia                 55.33 S  68.53 W    14  4 I  4.14 3.75 2.22 1.56 0.75 0.58 0.67 1.11 2.33 3.69 3.81 4.11 2.39 U
ARG5A  Ushuaia                 54.80 S  68.32 W    14  9 I  4.61 3.72 2.75 1.58 0.83 0.47 0.64 1.22 2.28 3.83 5.03 4.83 2.65 H
ARG5A  Villa Dolores           31.95 S  65.13 W   569  9 I  6.44 6.19 5.08 4.06 3.22 2.67 3.03 3.86 4.58 5.83 6.61 6.64 4.85 H
ARG1A  Villa Mercedes          34.22 S  65.63 W   486 16 I  6.92    6 4.69 3.67 2.69 2.33 2.33 3.36 4.42  5.5 6.72 7.33 4.67 U
ARG5A  Villa Mercedes          33.72 S  65.48 W   515  3 I  6.25 5.97 4.89 3.67 2.75 2.14 2.58 3.39 4.64 5.31 6.14 7.06 4.56 P
ARG5A  Villa Reynolds          33.73 S  65.38 W   486  9 I  6.58 6.06 4.94 3.78 2.92 2.42 2.75 3.53 4.22 5.47 6.61 6.81 4.67 H

     7 .c.Australia
AUS5A  Adelaide                34.92 s 138.92 e          I  7.31 6.58 5.39 4.06    3 2.64 2.67 3.47 4.47 5.78 6.56 6.97 4.92 U
AUS5A  Albany                  35.03 s 117.88 e          I  6.67 5.75 4.75 3.56 2.86  2.5 2.64 3.25 4.14 5.17 5.83  6.5 4.47 U
AUS5A  Alice Springs           23.70 s 133.88 e          I  7.31 6.61 6.22 5.67 4.53 4.14  4.5 5.22 6.25 6.75 7.25 7.33 5.97 U
AUS4A  Alice-Springs           23.80 S 133.88 E   546  6 I  7.51 7.21 6.46 5.42 4.29 3.92  4.2 5.35  6.4 6.88 7.24 7.45 6.02 P
AUS3A  Alice-Springs           23.82 S 133.88 E          I  7.41 6.79  6.6 5.74 4.59 4.17 4.42 5.14 6.01 6.86 7.41  7.4 6.04 U
AUS4A  Aspendale               38.03 S 145.10 E        2 I  7.93 6.36 4.44 3.65 2.21 1.81 2.05 2.67 3.51 4.97 5.57 6.93 4.34 P
AUS7A  Aspendale               38.03 S 145.10 E     6  6 I  7.04 6.11 4.63 2.90 2.17 1.74 2.03 2.64 3.74 5.05 6.12 6.71 4.24 P
AUS7A  Aspendale                                         S  0.37 0.43 0.51 0.30 0.10 0.14 0.13 0.21 0.24 0.39 0.29 0.17 0.12 P
AUS4A  Box-Hill                37.80 S 145.13 E   100  4 I  6.55 5.76 4.66 3.01    2 1.64 1.85 2.59 3.71 4.89 5.76 6.62 4.09 P
AUS5A  Brisbane                27.47 s 153.03 e          I  6.56 6.22 5.47 4.89 3.92 3.53 3.78 4.44 5.64 6.03 6.94 6.61 5.33 U
AUS4A  Brisbane                27.47 S 153.03 E          I  6.51 6.04 5.23  4.3 3.49 3.02 3.25 3.95 4.88 5.81 6.39 6.62 4.96 P
AUS5A  Broome                  17.97 s 122.23 e          I  6.25 6.03    6 5.97 5.17 4.78 5.25 5.89 6.64 7.06 7.25 6.86 6.08 U
AUS5A  Cairns                  16.92 s 145.77 e          I  5.86 5.67 5.53 5.25 4.47 4.31 4.42 5.14 6.06 6.33 6.58 6.14 5.47 U
AUS5A  Canberra                35.28 s 149.13 e          I  6.97 6.39 5.33 4.19 3.08 2.67 2.83 3.47 4.64 5.56 6.53 6.94 4.89 U
AUS5A  Carnarvon               24.88 s 113.67 e          I  7.33 7.06 6.36 5.03  4.5 3.94 4.33 5.08 6.22 6.94 7.39 7.69    6 U
AUS5A  Cedina                  32.12 s 133.67 e          I  7.28 6.64 5.56 4.44 3.33 2.89 3.11 3.89 5.42 6.03 6.67 6.94 5.14 U
AUS5A  Charleville             26.40 s 146.35 e          I  7.17 6.83 6.03 5.39 4.17 3.78 4.11 4.78 5.97 6.67 7.33 7.11 5.78 U
AUS5A  Cloncurry               20.70 s 140.50 e          I  6.86 6.47 6.11 5.97 4.92 4.69 4.89 5.64  6.5 7.08 7.42    7 6.14 U
AUS5A  Cobar                   31.50 s 145.82 e          I  7.19 6.97 5.81 4.86 3.58 3.17 3.42 4.06 5.33 6.22 7.17 7.33 5.42 U
AUS5A  Coff's Harbour          30.30 s 153.13 e          I   6.5 6.14 5.47 4.67 3.67 3.22 3.58 4.11 5.36 5.89 6.78 6.56 5.17 U
AUS4A  Darwin                  12.43 S 130.87 E    27    I  5.14 5.32 5.59 5.11 5.24 5.07 5.32 6.15 6.39 6.47 6.17 5.63 5.64 P
AUS5A  Darwin                  12.47 s 130.25 e          I  5.67  5.5 5.58 6.14 5.39 5.44 5.56 6.17 6.53 6.58 6.53 5.94 5.92 U
AUS7B  Darwin                  12.43 S 130.87 E    27  5 I  4.87 5.20 5.10 5.78 5.35 5.51 5.85 6.26 6.56 6.45 6.83 5.42 5.84 P
AUS7B  Darwin                                            S  0.65 0.79 0.48 0.21 0.53 0.29 0.21 0.06 0.29 0.45 1.62 0.71 0.01 P
AUS5A  Daly Waters             16.25 s 133.37 e          I  5.92 5.69 5.69 5.97 5.06 5.03 5.17    6 6.42 6.67 6.58 6.11 5.86 U
AUS4A  Dry-Creek,S.A.          34.83 S 138.58 E     4    I  8.03 6.98 5.66 4.95 2.71 2.29 2.43 3.32 4.61 5.57 6.97 7.69  5.1 P
AUS5A  Forrest                 30.85 s 128.10 e          I  7.19 6.47 5.69 4.61 3.61 3.11 3.42 4.14 5.42 6.19 7.06    7 5.33 U
AUS4A  Garbutt                 19.25 S 146.77 E     4  6 I  5.87 5.72 5.61 5.21 4.35 4.22 4.49 5.31 6.44 6.95 7.24 7.19 5.72 P
AUS5A  Geralton                28.77 s 114.60 e          I  7.36 7.06 6.22 4.61    4 3.36 3.69 4.36 5.58  6.5 7.03 7.58 5.61 U
AUS5A  Giles                   25.03 s 128.30 e          I  7.19 6.47 6.08 5.36 4.28 3.92 4.39 5.03 6.14 6.69 7.17 6.97 5.81 U
AUS5A  Gladstone               33.28 s 138.37 e          I  6.86 6.53 5.81 5.33 4.39    4 4.28 4.86 6.06  6.5 7.03 6.81 5.69 U
AUS7A  Griffith                34.29 S 146.01 E   131  3 I  6.98 6.44 5.26 3.91 2.72 2.22 2.40 3.22 4.09 4.87 6.46 7.36 4.58 P
AUS7A  Griffith                                          S  0.54 0.37 0.37 0.75 0.32 0.28 0.22 0.29 0.59 0.98 0.53 0.52 0.05 P
AUS4A  Guildford               31.93 S 115.95 E    15  7 I  7.73  7.1 5.87 4.09 2.96 2.55 2.75  3.7 4.93 6.17 7.26 7.98 5.25 P
AUS5A  Hall's Creek            18.22 s 127.67 e          I  6.33 6.58 5.83 5.92 5.03 4.83 4.78 5.72 6.44 6.61 6.92 6.56 5.97 U
AUS5A  Hobart                  42.88 s 147.32 e          I  6.53 5.67 4.47 3.22 2.25 1.92 2.08 2.78 3.81 5.19 5.83 6.33 4.17 U
AUS3A  Kajabbi                 20.00 S 140.00 E          I   6.4 6.18 5.99  5.8 5.52 5.08 4.85 5.64 7.07  7.4 7.07 6.74 6.15 U
AUS5A  Kalgoorlie              30.75 s 121..47e          I  7.58 6.81 5.94 4.39 3.69 3.14 3.44 4.19 5.42 6.39 7.11  7.5 5.47 U
AUS5A  Launcheston             41.43 s 147.13 e          I  6.92 6.11 4.81 3.44 2.42    2 2.11 2.86    4 5.47 6.28 6.78 4.44 U
AUS5A  Longreach               23.43 s 144.25 e          I  7.11 6.64 6.39 5.67 4.53 4.19 4.44 5.11 6.33 6.92 7.72 7.17 6.03 U
AUS5A  Mackay                  21.15 s 149.18 e          I  6.36 6.06 5.56 5.08 4.22 4.14 4.31 4.86 6.03 6.42 6.92  6.5 5.53 U
AUS5A  Meekatharra             26.60 s 118.48 e          I  7.17 6.61 6.03 4.75 4.17 3.64 4.03 4.78 6.03 6.75 7.14 7.42 5.72 U
AUS3A  Meekatharra             26.00 S 118.00 E          I  7.17 6.61 6.03 4.75 4.17 3.64 4.03 4.78 6.03 6.75 7.14 7.41 5.72 U
AUS5A  Melbourne               37.82 s 144.97 e          I  6.67 5.92 4.89 3.69 2.64 2.28 2.39 3.08 4.03 5.17 5.94 6.42 4.42 U
AUS4A  Melbourne               37.82 S 144.97 E    35  1 I  7.47  6.3 3.66 3.37  2.5 2.05 2.21 2.79 3.91 5.04 5.44 6.23 4.24 P
AUS5A  Mildura                 34.20 s 142.15 e          I  7.47 6.97 5.81 4.47 3.19 2.78 2.94 3.72 4.81 6.06 6.97 7.47 5.22 U
AUS3A  Moomba                  28.10 S 140.20 E          I  8.25  7.9 6.97    5 4.18 3.78 3.75 4.18 5.52  7.1 7.85 8.14 6.06 U
AUS5A  Mt. Gambier             37.51 s 140.50 e          I  6.75 5.92 4.81 3.56 2.58 2.28 2.33 3.08    4 5.19 5.81 6.39 4.39 U
AUS4A  Mount Stromlo           35.35 S 149.17 E       12 I   7.3 6.44 5.23 4.06 3.11 2.42 2.68 3.58 5.02 5.95 7.01 7.51 5.02 P
AUS5A  Nhill                   36.33 s 141.65 e          I  7.47 6.78  5.5 4.08 2.86  2.5    0 3.42 4.44 5.86 6.58 7.33 4.94 U
AUS5A  Onslow                  21.65 s 115.10 e          I  7.31 6.58 6.53 5.28 4.64 4.36 4.83 5.33 6.44 7.19 7.72 7.61 6.17 U
AUS5A  Oodnadatta              27.55 s 135.47 e          I  7.44 6.97 6.33 5.36 4.03 3.61 4.03 4.72 5.94 6.56 7.17 7.42 5.19 U
AUS3A  Oodnadatta              27.55 S 135.47 E          I  7.82 7.14 6.49 5.11 4.02 3.42 3.73 4.51 5.59 6.78 7.74 8.02 5.87 U
AUS5A  Perth                   31.93 s 115.83 e          I  7.58 7.03 5.83 4.19 3.53 2.83 3.11 3.89 4.97 6.14 6.86 7.47 5.28 U
AUS7B  Perth                   31.93 S 115.95 E    17  4 I  7.52 6.80 5.61 3.71 3.10 2.31 2.83 3.69 4.89 6.00 6.72 7.51 5.12 P
AUS7B  Perth                                             S  0.21 0.55 0.23 0.23 0.27 0.23 0.12 0.29 0.36 0.10 0.67 0.40 0.04 P
AUS5A  Port Hedland            20.32 s 118.57 e          I  6.89 6.36 6.19 5.69 4.86 4.47 4.94 5.53 6.53 7.17 7.64  7.5 6.14 U
AUS5A  Rockhampton             23.38 s 153.52 e          I  6.61 6.36 5.75 5.25 4.33 4.03 4.31 4.78    6 6.47 6.92 6.69 5.64 U
AUS5A  Sale                    38.10 s 147.07 e          I  6.72    6 4.83 3.61 2.64 2.25 2.42 3.08 4.14 5.14 6.08 6.42 4.44 U
AUS2A  Swanport Bridge         35.00 S 139.00 E        3 I  1.54 3.82 3.53 2.95 1.79 0.71 1.25    0 4.48  4.4 2.43  2.4      P
AUS5A  Sydney                  33.87 s 151.22 e          I  6.19 5.89 5.14 4.31 3.33 2.78 3.14 3.69 4.75 5.39 6.28 6.36 4.78 U
AUS1A  Sydney                  33.92 S 151.23 E  63.7 13 I  6.28 5.72 4.74 3.91  2.9 2.36 2.87  3.6 4.59 5.56 6.38 7.09 4.67 P
AUS1A  Sydney                                            S  0.66 0.76 0.54 0.33 0.46 0.19 0.26 0.28 0.38 0.64 0.37 0.83 0.47 P
AUS5A  Tamworth                31.08 s 150.92 e          I  6.97 6.58 5.67 4.75  3.5 3.06 3.39 3.92 5.14 6.06    7 7.14 5.28 U
AUS5A  Thursday Island         10.58 s 142.22 e          I  5.22 5.22 5.33 5.44 4.83 4.58 4.72 5.08 5.89    6 6.33 5.81 5.36 U
AUS5A  Townsville              19.27 s 146.80 e          I  6.33 6.19 5.78 5.47 4.53 4.39 4.64 5.14 6.22 6.56 6.92 6.64 5.72 U
AUS5A  Wagga                   35.12 s 147.30 e          I  7.33 6.92 5.53 4.31 3.03 2.61 2.67 3.36 4.61 5.78 6.78 7.31 5.03 U
AUS3A  Wagga-Wagga             35.10 S 147.50 E          I   7.4 6.52 5.44 3.86 2.74 2.22 2.31 3.06  4.4 5.53 7.05 7.75 4.86 U
AUS3A  Williamtown             32.82 S 151.83 E     4    I  6.11 5.24 5.11 3.64 2.89 2.39 2.72 3.84 4.46 6.18 6.78 6.39 4.65 U
AUS5A  Williamtown             32.82 s 151.83 e          I  6.58 6.08 5.28 4.47 3.47 2.94 3.25 3.89 4.97 5.58 6.56 6.67 4.97 U
AUS3A  Woomera                 31.15 S 136.80 E          I  7.91    7 6.14 4.59 3.46 2.92 3.13 4.03 5.14 6.35 7.64 8.17 5.54 U
AUS5A  Woomera                 31.52 s 137.17 e          I  7.42 6.97    6 4.81 3.53 3.08 3.36 4.14 5.28 6.36 7.08  7.5 5.47 U

     8 .c.Austria
AUT4A  Gmunden                 47.92 N  13.78 E   425  1 I  1.03 1.72  2.8 3.53 4.82 4.54 4.52 4.13 3.43 1.94 2.45 0.67 2.94 P
AUT4A  Grafenhof               47.32 N  13.17 E   766  1 I   1.2 2.57 3.13 4.27  4.8 4.24 4.63 4.02 4.46 2.62  1.3 0.89 3.17 P
AUT4A  Gumpenstein             47.50 N  14.10 E   710  2 I  1.12 1.93 3.17 4.01 5.25  4.6 4.68  4.3 3.36 2.24 1.09  0.8 3.05 P
AUT4A  Klagenfurt              46.63 N  14.32 E   448  1 I  1.35 2.28 3.77 4.04 5.45    5 5.45 4.74 3.71 2.39 0.81 0.72 3.31 P
AUT4A  Krippenstei             47.53 N  13.68 E  2064  2 I   1.7 2.53 3.61 4.87 5.44 4.37 4.32 3.99 3.85 2.95 1.82 1.22 3.39 P
AUT4A  Lunz-Am-See             47.83 N  15.00 E   615  2 I   0.8 1.69 3.02 3.39 4.73 4.59  4.1 3.84 2.94 2.12 0.92 0.59 2.73 P
AUT4A  Monichkirch             47.53 N  16.03 E   978  1 I  1.43 1.82 3.05 3.67    5 4.35 4.63 4.37 3.39 2.63 1.36 1.14 3.07 P
AUT4A  Neusiedlam See          47.95 N  16.85 E  1950  2 I  1.02 1.22 2.92 3.99 5.95 4.95 5.24 4.93 3.02 2.07 0.78 0.69 3.07 P
AUT4A  Obergurgl               46.87 N  11.03 E  1950  2 I  1.22 2.21 3.74 5.39 5.69 3.45 5.09 4.46 3.44 2.53 1.28 0.85 3.28 P
AUT4A  Obersieben-Bruhn        48.77 N  16.72 E   150  2 I  0.95 1.37 2.81 3.74 5.18 4.83 4.73  4.6 3.31 1.94 0.74 0.56 2.89 P
AUT4A  Pertisau-Achensee       47.43 N  11.70 E   933  1 I  1.37 1.65 3.39 3.77 4.58 4.07 3.85  3.6 3.23 2.31 1.17 0.77 2.81 P
AUT4A  Retz                    48.77 N  15.97 E   243  2 I   0.7 1.44 2.42 3.51 5.23 5.11 4.82 4.43 3.38 3.48 0.59 0.49 2.96 P
AUT4A  Salzburg                47.80 N  13.00 E   437  2 I  1.12 1.86 2.91 3.71 4.81 4.45 4.42 2.66 3.29 2.23 0.88 0.77 2.75 P
AUT4A  Semmering               47.65 N  15.83 E   995  1 I  0.93 1.56 2.37 3.42 4.83 4.23 4.25  4.1 2.91 2.38 1.02  0.6 2.72 P
AUT4A  Sonnblick               47.05 N  12.95 E  3106  2 I  1.75 2.93 4.11 5.22 5.99  5.3  4.7 4.23  4.3 3.16 1.89 1.35 3.74 P
AUT4A  Steyr                   48.07 N  14.58 E   309  1 I  1.02 1.67 2.77 4.08 4.85  4.8 4.65 4.43 3.41 2.01 0.76 0.58 2.92 P
AUT4A  Wien-Vienna             48.25 N  16.37 E       18 I   0.8 1.52 2.57 3.85 5.02  5.3 5.26 4.52 3.21 1.85 0.91 0.59 2.95 P
AUT4A  Ybbs-Persenbeug         48.18 N  15.05 E   228  1 I  1.03 1.63 2.81 4.24 5.21  4.7 4.61 4.34 3.34 1.96 0.81 0.55 2.94 P

     9 .c.Azores
AZR4A  Angra                   38.12 N  27.03 W    92  2 I  1.86 2.53 3.42  4.8 5.95 6.69    6  5.6  4.6 3.35 2.15 1.78 4.06 U
AZR4A  Corvo                   39.67 N  31.12 W    28  5 I  1.86 2.43 3.57 4.89 5.85 6.04 6.33 5.93 4.74 3.14 1.98 1.55 4.02 U
AZR4A  Ponta-Delga             37.75 N  25.67 W    36  5 I  2.21 2.95 4.03 5.01 6.07 5.97 6.42 6.26 5.33 3.96 2.43 2.03 4.39 U

